OMEGA 34 43 52 56 60 70 76
MEGAMI 19 27 31 35 43 51 55 59 64 69 77
DEITY 22 29 33 37 41 45 49 53 57 61 65 70 77
VILE 23 32 40 48 56 62 68 80
SNAKE 14 23 30 38 44 51 58 66 72 80
DRAGON 12 20 28 36 44 51 58 65 73
DIVINE 15 24 32 42 50 59 74
AVIAN 8 16 24 31 39 46 54 62 69 77
FALLEN 11 19 26 33 37 41 45 49 56 64 71 86 99
AVATAR 13 21 28 32 37 45 53 60 64 68 76
BEAST 2 10 19 27 35 42 50 58 66
WILDER 9 17 25 33 37 43 50 57 65 73
GENMA 6 13 21 28 33 37 42 46 54 61 68 75
FAIRY 2 7 14 21 29 37 44 52 58 62
TYRANT 26 33 40 47 54 61 68 75 81 86 91 99
KISHIN 20 28 36 43 50 57 64 71 75 93
TOUKI 3 10 18 25 33 38 43 51 59 67
JAKI 3 8 15 23 31 39 47 55 64 80
FEMME 9 18 26 34 38 42 46 58 58 66 74 83
GHOST 1 6 16 25 34 41 50 61
FIEND 26 41 50 63 88
HERO 31 39 50 57 70 82
ERTHYS 7
AEROS 12
AQUANS 17
FLAEMIS 22
